750,0,272.655105021646,291.375478706367,257.683981110382,291.375478706367,140.289496628696,4.21968967797974,99.254072734685,26.41695533862,6.93085616599774,4.59598473756936,44.0915814615918,1.32290629751419,257.436517960363,0.967634728948405,19.2628066064727,1.3181406659006,0.124437899010724,0.0315781806046391,669.682376397324,92.4131703624659,2.79169924850923,72.6802503432859,0.0167185414270083,5485.36390376167,42.9350543522632,0.146369503473625,11.7978029939741,
-15,0,272.655105021647,291.375478706367,257.683981110382,291.375478706367,140.289496628696,4.21968967797974,99.2540727346853,26.41695533862,6.93085616599776,4.59598473756937,44.0915814615914,1.32290629751419,257.436517960364,0.967634728948404,19.2628066064727,1.31814066590033,0.124437899010655,0.0315781806046358,669.682376397259,92.4131703624661,2.79169924850923,72.6802503432858,0.0167185414270083,5485.36390376167,42.9350543522632,0.146369503473625,11.7978029939741,
0,0,272.893475632534,291.622339047235,257.809078078295,291.622339047235,140.356237939755,4.21879604492669,99.2777615750543,26.4109106086001,6.96644442839939,4.6196142811855,44.1328028766796,1.37755539605274,257.018085144089,0.971613227629153,19.116313846973,1.32026090703243,0.126039746979587,0.0312986902775155,674.550587208483,92.5332688716692,2.78143039458188,72.7410168695731,0.0168179123280157,5465.57719963327,43.0905192966009,0.146899497602049,11.7971424675136,
0,0,272.893475632534,291.622339047235,257.809078078295,291.622339047235,140.356237939755,4.21879604492669,99.2777615750543,26.4109106086001,6.96644442839939,4.6196142811855,44.1328028766796,1.37755539605274,257.018085144089,0.971613227629153,19.116313846973,1.32026090703243,0.126039746979587,0.0312986902775155,674.550587208483,92.5332688716692,2.78143039458188,72.7410168695731,0.0168179123280157,5465.57719963327,43.0905192966009,0.146899497602049,11.7971424675136,
0,0,272.893475632534,291.622339047235,257.809078078295,291.622339047235,140.356237939755,4.21879604492669,99.2777615750543,26.4109106086001,6.96644442839939,4.6196142811855,44.1328028766796,1.37755539605274,257.018085144089,0.971613227629153,19.116313846973,1.32026090703243,0.126039746979587,0.0312986902775155,674.550587208483,92.5332688716692,2.78143039458188,72.7410168695731,0.0168179123280157,5465.57719963327,43.0905192966009,0.146899497602049,11.7971424675136,
0,0,272.893475632534,291.622339047235,257.809078078295,291.622339047235,140.356237939755,4.21879604492669,99.2777615750543,26.4109106086001,6.96644442839939,4.6196142811855,44.1328028766796,1.37755539605274,257.018085144089,0.971613227629153,19.116313846973,1.32026090703243,0.126039746979587,0.0312986902775155,674.550587208483,92.5332688716692,2.78143039458188,72.7410168695731,0.0168179123280157,5465.57719963327,43.0905192966009,0.146899497602049,11.7971424675136,
30,0,277.162836696687,296.237391009235,262.111637039018,296.237391009235,142.596815181382,4.07176537299117,102.869325233379,25.2687119333322,6.76342281360028,4.48452995766571,42.6532507440187,2.53007679868837,242.861504246354,0.932480413334128,18.6465552822166,0.282159501909205,0.139816725192938,0.0290584890387906,1750.86594685853,92.5347121899441,2.81938439243963,72.2389851258128,0.0165279170622282,5564.4470575963,42.3249398257244,0.144289567587697,12.1959489139324,
60,0,281.153127306766,300.535419538032,265.922386650883,300.535419538032,144.571403638196,3.93472857421837,106.136428733405,24.1514400575545,6.6503746585413,4.40747086359106,41.2350908410187,4.05705499309612,215.134593751821,0.867143669202781,21.0321855515437,0.144238827630917,0.167269974851194,0.0270394665643647,3403.40698569677,92.8697748784608,2.88072141744363,71.8130231465795,0.0161469273990434,5669.04871224639,41.5440447984966,0.14162742544942,12.5998708462394,
90,0,285.102449073304,304.785365763244,269.668200871216,304.785365763244,146.512688620982,3.81446132339017,109.240845011227,23.1970782959386,6.53634659259763,4.32782449997875,39.9597015990797,5.71159856256214,182.74209453103,0.78804584455264,25.1814228978898,0.200715961891427,0.296053024557634,0.0263524819854735,3877.85483980513,93.7692767625999,2.94716956873374,70.9901535549266,0.0158127083948581,5842.52358821157,40.3105837044717,0.137422444447063,12.9100452267387,
120,0,288.807157299128,308.770050846891,273.171957202878,308.770050846891,148.321059487297,3.70962196289568,112.082442297605,22.4000999376182,6.45410268028682,4.26774225539292,38.8252618995702,6.02727801487014,152.091648870308,0.700722972109895,31.9143781889658,0.324088894334992,0.549672357444148,0.0274471551986726,4175.11024373857,94.6154739196527,3.05065523641145,70.0362131699709,0.0152642831473444,6069.97009193937,38.8001665704903,0.132273295126671,13.1279481064068,
120,0,288.807157299128,308.770050846891,273.171957202878,308.770050846891,148.321059487297,3.70962196289568,112.082442297605,22.4000999376182,6.45410268028682,4.26774225539292,38.8252618995702,6.02727801487014,152.091648870308,0.700722972109895,31.9143781889658,0.324089418167393,0.549673306190909,0.0274471744816595,4175.11024863589,94.6154739196527,3.05065523641145,70.0362131699709,0.0152642831473444,6069.97009193937,38.8001665704903,0.132273295126671,13.1279481064068,
120,0,288.807157299128,308.770050846891,273.171957202878,308.770050846891,148.321059487297,3.70962196289568,112.082442297605,22.4000999376182,6.45410268028682,4.26774225539292,38.8252618995702,6.02727801487014,152.091648870308,0.700722972109895,31.9143781889658,0.324089418167393,0.549673306190909,0.0274471744816595,4175.11024863589,94.6154739196527,3.05065523641145,70.0362131699709,0.0152642831473444,6069.97009193937,38.8001665704903,0.132273295126671,13.1279481064068,
135,0,288.598918936356,308.525967716415,272.710353170521,308.525967716415,148.057188896064,3.71377862486247,111.783772951226,22.4750385392691,6.53154480838543,4.31650921785252,38.854559911022,5.8456894124167,139.494635917769,0.669039498326446,35.9054410312741,0.363255657268941,0.655388133712825,0.0281480469174642,4370.01009580086,94.6884385911837,3.08266021295829,69.9339015907567,0.0150803751065267,6117.90313561977,38.496196933413,0.131237035000272,13.0491037296477,
140,0,288.514414800097,308.429837266585,272.562060283916,308.429837266585,147.97272082705,3.71569277432046,111.682655210806,22.5069042363969,6.55756445281225,4.3331281782161,38.8710183846876,5.76391591292778,136.163415778851,0.659432900751817,37.0802719868415,0.37483314516454,0.688358896790146,0.028326689890227,4428.92830365118,94.6722049873219,3.09248248177791,69.9530063284757,0.0150210611485604,6128.7076177625,38.4283390711684,0.131005701378983,13.0252850769699,
145,0,288.424349378726,308.328206096129,272.415158830285,308.328206096129,147.889008723544,3.71785175708781,111.580114669477,22.5321354557522,6.58311067715001,4.34952804621668,38.8900857193928,5.68392059373862,133.203685086186,0.650290359974951,38.135889291934,0.387806557720371,0.7239714193675,0.0285259685073398,4483.25216347488,94.6590014164058,3.10020848278802,69.9648563966899,0.0149780952171785,6137.64686179659,38.3723778644535,0.13081492453791,13.0021172094383,
150,0,288.328004224503,308.220249587455,272.268230650138,308.220249587455,147.805225840298,3.72025456589903,111.475411812769,22.5607428986611,6.60751278544071,4.36526107495565,38.9116040121281,5.61076619465029,130.589912833518,0.64166848389427,39.107278529254,0.400245364535641,0.758195895079796,0.0286806075170474,4532.15856023648,94.6230198711531,3.10606616661611,69.9918239833362,0.0149378213626168,6145.17185451261,38.3253975679143,0.130654764436071,12.9791713556182,
155,0,288.226310865801,308.106889502681,272.121113595209,308.106889502681,147.72125105642,3.72289571232165,111.368563438714,22.5828313547438,6.63156958960217,4.3808447532673,38.935378267295,5.54275465571962,128.284572022253,0.633452323075958,39.9640069602129,0.411767155986823,0.790061235759581,0.0287912319572667,4575.11320569479,94.5999581535889,3.11303276145537,70.0239266801801,0.0148965744800277,6151.02918430914,38.2889101911354,0.130530375651598,12.9567754589406,
160,0,288.117873599496,307.986587888535,271.971851930699,307.986587888535,147.635991683656,3.72575128298962,111.258821883201,22.6082519467893,6.6541718090158,4.39554077189276,38.961042232866,5.48383898154216,126.249837720186,0.625714032269448,40.7444239089963,0.425093022609311,0.824947102786608,0.0289303910534582,4612.42362604146,94.5807472465713,3.11853868530064,70.0436128351736,0.0148651793592686,6155.9531094158,38.2582922764928,0.130425996397135,12.9343396533267,
165,0,288.001612988824,307.858150692292,271.818889005367,307.858150692292,147.548597904173,3.72880795806465,111.145492839483,22.6503229421627,6.67477358300577,4.40898360464788,38.9884219524526,5.43244719654441,124.463371302267,0.618437546368588,41.4478326114346,0.432299877971847,0.846554566410502,0.0288734877843892,4644.16694964152,94.3282747221271,3.11496933591589,70.1977135898195,0.014836860096054,6160.33103714171,38.2311114233236,0.130333334397694,12.9115534699979,
