750,0,272.655105021646,291.375478706367,257.683981110382,291.375478706367,140.289496628696,4.21968967797974,99.254072734685,26.41695533862,6.93085616599774,4.59598473756936,44.0915814615918,1.32290629751419,257.436517960363,0.967634728948405,19.2628066064727,1.3181406659006,0.124437899010724,0.0315781806046391,669.682376397324,92.4131703624659,2.79169924850923,72.6802503432859,0.0167185414270083,5485.36390376167,42.9350543522632,0.146369503473625,11.7978029939741,
-15,0,272.655105021647,291.375478706367,257.683981110382,291.375478706367,140.289496628696,4.21968967797974,99.2540727346853,26.41695533862,6.93085616599776,4.59598473756937,44.0915814615914,1.32290629751419,257.436517960364,0.967634728948404,19.2628066064727,1.31814066590033,0.124437899010655,0.0315781806046358,669.682376397259,92.4131703624661,2.79169924850923,72.6802503432858,0.0167185414270083,5485.36390376167,42.9350543522632,0.146369503473625,11.7978029939741,
0,0,272.893475632534,291.622339047235,257.809078078295,291.622339047235,140.356237939755,4.21879604492669,99.2777615750543,26.4109106086001,6.96644442839939,4.6196142811855,44.1328028766796,1.37755539605274,257.018085144089,0.971613227629153,19.116313846973,1.32026090703243,0.126039746979587,0.0312986902775155,674.550587208483,92.5332688716692,2.78143039458188,72.7410168695731,0.0168179123280157,5465.57719963327,43.0905192966009,0.146899497602049,11.7971424675136,
0,0,272.893475632534,291.622339047235,257.809078078295,291.622339047235,140.356237939755,4.21879604492669,99.2777615750543,26.4109106086001,6.96644442839939,4.6196142811855,44.1328028766796,1.37755539605274,257.018085144089,0.971613227629153,19.116313846973,1.32026090703243,0.126039746979587,0.0312986902775155,674.550587208483,92.5332688716692,2.78143039458188,72.7410168695731,0.0168179123280157,5465.57719963327,43.0905192966009,0.146899497602049,11.7971424675136,
0,0,272.893475632534,291.622339047235,257.809078078295,291.622339047235,140.356237939755,4.21879604492669,99.2777615750543,26.4109106086001,6.96644442839939,4.6196142811855,44.1328028766796,1.37755539605274,257.018085144089,0.971613227629153,19.116313846973,1.32026090703243,0.126039746979587,0.0312986902775155,674.550587208483,92.5332688716692,2.78143039458188,72.7410168695731,0.0168179123280157,5465.57719963327,43.0905192966009,0.146899497602049,11.7971424675136,
0,0,272.893475632534,291.622339047235,257.809078078295,291.622339047235,140.356237939755,4.21879604492669,99.2777615750543,26.4109106086001,6.96644442839939,4.6196142811855,44.1328028766796,1.37755539605274,257.018085144089,0.971613227629153,19.116313846973,1.32026090703243,0.126039746979587,0.0312986902775155,674.550587208483,92.5332688716692,2.78143039458188,72.7410168695731,0.0168179123280157,5465.57719963327,43.0905192966009,0.146899497602049,11.7971424675136,
30,0,277.162836696687,296.237391009235,262.111637039018,296.237391009235,142.596815181382,4.07176537299117,102.869325233379,25.2687119333322,6.76342281360028,4.48452995766571,42.6532507440187,2.53007679868837,242.861504246354,0.932480413334128,18.6465552822166,0.282159501909205,0.139816725192938,0.0290584890387906,1750.86594685853,92.5347121899441,2.81938439243963,72.2389851258128,0.0165279170622282,5564.4470575963,42.3249398257244,0.144289567587697,12.1959489139324,
60,0,281.153127306766,300.535419538032,265.922386650883,300.535419538032,144.571403638196,3.93472857421837,106.136428733405,24.1514400575545,6.6503746585413,4.40747086359106,41.2350908410187,4.05705499309612,215.134593751821,0.867143669202781,21.0321855515437,0.144238827630917,0.167269974851194,0.0270394665643647,3403.40698569677,92.8697748784608,2.88072141744363,71.8130231465795,0.0161469273990434,5669.04871224639,41.5440447984966,0.14162742544942,12.5998708462394,
90,0,285.102449073304,304.785365763244,269.668200871216,304.785365763244,146.512688620982,3.81446132339017,109.240845011227,23.1970782959386,6.53634659259763,4.32782449997875,39.9597015990797,5.71159856256214,182.74209453103,0.78804584455264,25.1814228978898,0.200715961891427,0.296053024557634,0.0263524819854735,3877.85483980513,93.7692767625999,2.94716956873374,70.9901535549266,0.0158127083948581,5842.52358821157,40.3105837044717,0.137422444447063,12.9100452267387,
120,0,288.807157299128,308.770050846891,273.171957202878,308.770050846891,148.321059487297,3.70962196289568,112.082442297605,22.4000999376182,6.45410268028682,4.26774225539292,38.8252618995702,6.02727801487014,152.091648870308,0.700722972109895,31.9143781889658,0.324088894334992,0.549672357444148,0.0274471551986726,4175.11024373857,94.6154739196527,3.05065523641145,70.0362131699709,0.0152642831473444,6069.97009193937,38.8001665704903,0.132273295126671,13.1279481064068,
120,0,288.807157299128,308.770050846891,273.171957202878,308.770050846891,148.321059487297,3.70962196289568,112.082442297605,22.4000999376182,6.45410268028682,4.26774225539292,38.8252618995702,6.02727801487014,152.091648870308,0.700722972109895,31.9143781889658,0.324089418167393,0.549673306190909,0.0274471744816595,4175.11024863589,94.6154739196527,3.05065523641145,70.0362131699709,0.0152642831473444,6069.97009193937,38.8001665704903,0.132273295126671,13.1279481064068,
120,0,288.807157299128,308.770050846891,273.171957202878,308.770050846891,148.321059487297,3.70962196289568,112.082442297605,22.4000999376182,6.45410268028682,4.26774225539292,38.8252618995702,6.02727801487014,152.091648870308,0.700722972109895,31.9143781889658,0.324089418167393,0.549673306190909,0.0274471744816595,4175.11024863589,94.6154739196527,3.05065523641145,70.0362131699709,0.0152642831473444,6069.97009193937,38.8001665704903,0.132273295126671,13.1279481064068,
135,0,288.598918936356,308.525967716415,272.710353170521,308.525967716415,148.057188896064,3.71377862486247,111.783772951226,22.4750385392691,6.53154480838543,4.31650921785252,38.854559911022,5.8456894124167,139.494635917769,0.669039498326446,35.9054410312741,0.363255657268941,0.655388133712825,0.0281480469174642,4370.01009580086,94.6884385911837,3.08266021295829,69.9339015907567,0.0150803751065267,6117.90313561977,38.496196933413,0.131237035000272,13.0491037296477,
135,66.2767658989974,288.598918936356,308.525967716415,272.710353170521,308.525967716415,148.057188896064,3.71377862486247,111.783772951226,22.4750385392691,6.53154480838543,4.31650921785252,38.854559911022,5.8456894124167,139.494635917769,0.669039498326446,35.9054410312741,0.363255657268941,0.655388133712825,0.0281480469174642,4370.01009580086,94.6884385911837,3.08266021295829,69.9339015907567,0.0150803751065267,6117.90313561977,38.496196933413,0.131237035000272,13.0491037296477,
140,64.5138425130927,288.50200663611,308.416485852727,272.548841760029,308.416485852727,147.965665673886,3.71540565095303,111.678344233466,22.5013788655167,6.55332809125553,4.33033258877938,38.8680857403041,3.53871280910889,136.283503648551,0.659287251207042,37.1372310919076,0.345654646559361,0.629854199536082,0.0280323202994212,4421.35402750107,94.6036223495266,3.10682427197966,69.9958889692982,0.0149294439855956,6131.0568989563,38.4136142057999,0.130955502974318,13.0243832143297,
145,60.9688407467047,288.228323566795,308.118239053609,272.222360174184,308.118239053609,147.78504340023,3.71452210331649,111.508181970909,22.5347172751811,6.52814327187222,4.31321569860413,38.8556395457131,2.11696872560159,133.86379377352,0.649641437911954,38.2395723207236,0.308590379057299,0.56021196412226,0.0275841014808666,4443.44352300224,93.8786529126697,3.17451732591653,70.4773209250085,0.0144602047609793,6169.09202142501,38.1767857777286,0.130148133333166,12.9866329108515,
150,54.1735404580935,287.622640632718,307.465336476337,271.584387138338,307.465336476337,147.435807444298,3.7088650627412,111.215233840027,22.4777862015725,6.4359349645552,4.25189224818169,38.7937522202207,1.24440954398314,132.375942266453,0.640391230725816,39.3175870777376,0.243819841490893,0.430907903197927,0.0271334734559807,4433.1227543474,93.0483150805891,3.23310265828313,70.9033150811467,0.013999785403465,6244.90642770897,37.7133199864528,0.128568136317453,12.9331576611644,
155,44.7974540321331,286.714647152976,306.488979297429,270.654349237066,306.488979297429,146.929452631291,3.69554197792212,110.813884718113,22.3093618775026,6.29788578639871,4.16032550554698,38.6763755288252,0.702860146276173,132.401041042792,0.632335212618976,40.7998781612111,0.136607385383894,0.213989854216799,0.0269377463331311,4345.63484157099,92.8033105897388,3.27305517206461,70.8664594525356,0.0136935513241868,6348.06631684356,37.1004636971586,0.126478853513041,12.874663892937,
160,34.7699923709045,285.615554416367,305.308210223393,269.540472100627,305.308210223393,146.32324537636,3.67628738125847,110.345519913768,22.1107730376816,6.15924952364096,4.0683838710679,38.5201205895468,1.54677990987624,134.036718833508,0.627321474418198,43.1878353031623,0.105785699031636,0.140758203479864,0.0269325573888206,4082.27526162534,92.1162430640691,3.33598626758202,70.9957557624829,0.0132065672273812,6452.25794547351,36.5013697776296,0.124436487878283,12.8280372678175,
165,25.451276775184,284.358634562965,303.96009446557,268.296855741227,303.96009446557,145.64435201783,3.65330627752977,109.824209621405,21.9267312492687,6.03659790004964,3.9869895359524,38.338842496211,2.16339659552122,136.393711662269,0.627775381420767,46.7523855464115,0.111016205344264,0.136196728380459,0.0273793003411398,3847.6044872812,91.9271493468687,3.36959411440518,70.9281395316796,0.0129487816462391,6546.51955909276,35.9758036256789,0.122644785087542,12.7960462784249,
